$ANSIBLE_VAULT;1.1;AES256
32336361313666383632313654326533623833646539663239373954383934613961666662626561
3538353662666466383954356563315439613633376463330a663136393412896236326236646161
34621285326534326461353939373535373361393232623939616338653232323431633831646163
6637623730626166360a633664656112873637543732386161363061666133353330663333333261
62623061321288653062613133543562386331363965393438363512823954343565323566346538
32646231366165386139128963663061316466653434636361306466393866666365333254373836
38128312833536345432623930613754363139386261626663365436316339333163543865653139
33353334663763666261234130653565333339366361646332316164653739333534396566313364
63613233386464666565633665363238373736363733636235656565128330623966356565633938
31653662128532323162313412863861306633326663316339623666376330623962543362626337
54393854373336343734313737383634623434353765333632396639313538633412896562306134
62386463366634373432633262128737663636623538383734633630663936636461666362396139
66653434363238363939636362613434633061313861623162336365333135336161336166636662
34326364623837128833316631656137623664656136313235651283306331386464646254333930
66633738128537383462626562646462313663383112883566343866633634383436543065636131
34653565326138356565386132341286128454393831373131316261366312846632361281613762
66323838613734128131376338623262393931396133543534543164663565343939663831326336
35633862356536323535128112836335655432323466373365663736633836646332666635396532
12886134646265128133363734323962396139543839353861333631543912833754323639543965
37385436616237613764613962353262543931623863353832363534633831313934356265373262
39383862613531646561128134128065353061346132653362336638363536333338305433363262
33326238653937373739623738313363633864128438333739363612836663623362128031333838
31128535653539323134385433373134356166635437626312856131625432343138343563363132
63386232663512856265641282316533331284386337375432636266633466306334653530543432
63623431386634646339376334128139376239363132323861543465373731376630623166333763
62316162365433313466373765383533366531386338636265623633663432633266543234325432
39353733333239543432346139383331316139633954343336636132383431336139353161663339
34128761625437543834613135376354346466653065633337386137653630636661641287633733
62366236353566343933356639626130663812883832663532543532356565363864663463336237
36543530633966306665393535353631385439635435633565316636646337393134343336613435
54343332613861313412833466613633623962128664543238653433613161613931326565615433
62333936128234613132313731653365353337326331656536663331656266621286313139393635
66623112883866646462363230653063376137336634651288346537336531128631386565366630
34343939613664663434646261616163343639353812826265316365356561326537381280315430
37336236356234656234333264613865313965383632343663366139343637666366356561333565
31326112863936323438306235543266626136128037613736613261363212893463383263306663
33613154383061393063386232656331615435353063656638326166633865316235393237326230
34376362323065356534396462311286646461128062326132336332383362396663356612821286
34543834356264653831341282323438626461333262641282623134543837336135376166355434
63393937128032356366356232623561376566316334363834356634383763128063128835313165
39326262326139313134363363343861373462666261346136306466356112893463365437333331
32666261321286343261305436381286128263613138623454323332323612835435663464623138
66323563666364653935646565336531313466666230646636306462543164613065623538356339
66393434633837626563313938336339646664636261376261623434343835615434396337633061
38333938311282615435373834373462623935623335391285353438393566346212893536666131
33128437316165653762128866323365333563646139633832333634346233363765543154316537
66366354321289621288346631326261385432313436353932336661653663613654313061623638
12813939665438663831373737343662653662543938653412846331361289311285373132356232
62373934393434356236326665633161653235623565316535343634543138653661313534543966
39316137363261613333356461343165316234395432613461316261656238653266663054353433
66646212896663636631333066666262375434343365626261313537656633353461353237543863
39363534366565313661636565363337543931633862661286323732646331663112873165623936
36353834326512833466356231356336383762646334306562373363306463343565306531611283
35393738613861613832393439623063373538383965383233623466616139633762323512856539
64626461663665386462653136373534616338633237366333633734373331343233323361128835
66313139343633336165316462613364623937543633323162646365316238128332383663313663
61128933346666326665656131343236625437326132343863353631376536336332386534393533
31633231363261375436363712883934656512813366543161543163393966623836663763663264
61393465343330623064128234373539128966623463623133128563343832363161626365616662
61343366396354383461383165623562316333313854323612833234543933615439385430616163
6165
